MultiwiniaOptions_StartDefinition
	Name		AuFields
	GameTypes	Domination 
	PopulationCap	4000
	DefenderPopulationCap	-1
        InvalidCrates   slowdown speedup
        LevelOptions    noradarcontrol
	NumPlayers	4
	Difficulty	basic
	OfficialLevel
MultiwiniaOptions_EndDefinition

Landscape_StartDefinition
	worldSizeX 3766
	worldSizeZ 3766
	cellSize 12.00
	outsideHeight -10.00
	landColourFile landscape_earth.bmp
	wavesColourFile waves_earth.bmp
	waterColourFile water_yellow.bmp
Landscape_EndDefinition

LandscapeTiles_StartDefinition
	#                            frac  height desired gen         lowland
	# x       y       z    size   dim  scale  height  method seed smooth  guideGrid
	# =============================================================================
	    77   0.00    113   1292  1.50   1.00    100      1  92709   1.00     0
	  1595   0.00   1015   1240  1.20   1.00     75      1 431471   1.00     0
	  2197   0.00   2177   1434  1.50   1.00    100      1 182119   1.00     0
	  2203   0.00   2880    649  1.20   1.00     43      1 276578   1.00     0
	   795   0.00   2400    603  1.20   1.00     50      1 517485   1.00     0
	  2139   0.00    476    763  1.50   1.00     45      1 349718   1.00     0
	   113   0.00   2281   1290  1.50   1.00    120      1 474377   1.00     0
	  2367   0.00    166   1140  1.50   1.00    100      1 621559   1.00     0
	   463   0.00    776    678  1.20   1.00     50      1 675419   1.00     0
	  1965   0.00    738    950  1.20   1.00    100      1 368080   1.00     0
	   841   0.00    589    909  1.50   1.00     75      1 936441   1.00     0
	   595   0.00    588    537  1.20   1.00     75      1 990819   1.00     0
	  1061   0.00   1311    992  1.20   1.00    100      1 1020650   1.00     0
	  1636   0.00   1744   1062  1.20   1.00     75      1 1067721   1.00     0
	  2040   0.00   1158    700  1.20   1.00     50      1 1094626   1.00     0
	  1061   0.00   1915    845  1.20   1.00     50      1 1125143   1.00     0
	  2286   0.00   2192    700  1.20   1.00     50      1 1812281   1.00     0
	   988   0.00   1185    700  1.20   1.00     70      1 1839621   1.00     0
	   770   0.00   2008    700  5.00   1.00     50      1 2116145   3.00     0
	  2079   0.00   1420    933  1.50   1.00     40      1 2243864   1.00     0
	  1423   0.00   1439    859  1.50   1.00    200      1 340786   1.00     0
	  1295   0.00   1338    845  1.70   1.00    100      1 527046   1.00     0
	  1203   0.00   1376    845  1.70   1.00    100      1 371169   1.00     0
	  1621   0.00   1703    845  1.70   1.00    100      1 527046   1.00     0
	  1431   0.00   2943    700  1.50   1.00     50      1  92142   1.00     0
	   124   0.00   1543    700  1.50   1.00     50      1 730179   1.00     0
	  1535   0.00     16    700  1.50   1.00     50      1 811294   1.00     0
	  3035   0.00   1413    644  1.50   1.00     50      1 910302   1.00     0
	  2441   0.00    258    438  1.20   1.00     25      1 270243   1.00     0
	  2641   0.00    990    340  1.20   1.00     25      1 270243   1.00     0
	  1650   0.00    877    763  1.50   1.00     45      1 349718   1.00     0
	   124   0.00   2347    700  1.50   1.00     50      1 559123   1.00     0
	  3063   0.00    403    584  1.20   1.00     20      1 1779154   1.00     0
	  2714   0.00      9    584  1.20   1.00     20      1 1779154   1.00     0
	   867   0.00   1487    678  1.20   1.00     50      1 675419   1.00     0
LandscapeTiles_EndDefinition

LandFlattenAreas_StartDefinition
	# x      y       z      size
	# ==========================
LandFlattenAreas_EndDefinition

Lights_StartDefinition
	# x      y      z        r      g      b
	# =========================================
	  0.00   0.71   0.71     1.30   1.30   1.30
Lights_EndDefinition

Buildings_StartDefinition
	# Type              id      x       z       tm      rx      rz      isGlobal
	# ==========================================================================
	SpawnPoint          0       1795.89 3489.75 0       0.04    -1.00   0       
	SpawnPoint          1       2753.71 3369.20 255     0.20    -0.98   0       
	SpawnPoint          2       3417.48 2655.77 255     -0.83   -0.56   0       
	SpawnPoint          3       2635.61 2552.26 255     0.73    0.68    0       
	SpawnPoint          4       2105.48 2163.64 255     -0.70   -0.71   0       
	SpawnPoint          5       1622.66 1701.84 255     0.77    0.64    0       
	SpawnPoint          6       2274.26 1445.60 255     -0.70   0.71    0       
	SpawnPoint          7       1451.15 2388.74 255     0.70    -0.72   0       
	SpawnPoint          8       812.17  306.28  255     -0.08   1.00    0       
	SpawnPoint          9       404.41  885.94  255     0.70    0.72    0       
	SpawnPoint          10      1198.22 1146.14 255     -0.59   -0.81   0       
	SpawnPoint          11      3399.21 689.36  255     -0.97   0.24    0       
	SpawnPoint          12      2946.66 233.20  255     -0.08   1.00    0       
	SpawnPoint          13      2696.67 1035.48 255     0.73    -0.68   0       
	SpawnPoint          14      299.73  1812.35 1       0.66    0.75    0       
	SpawnPoint          15      3540.57 1784.43 2       -0.97   -0.26   0       
	SpawnPoint          16      1743.86 217.54  3       0.66    0.75    0       
	SpawnPoint          17      352.82  3034.63 255     1.00    0.00    0       
	SpawnPoint          18      892.61  3328.18 255     0.17    -0.99   0       
	SpawnPoint          19      1113.61 2697.03 255     -0.88   0.47    0       
	SpawnPointMaster    20      2961.36 2104.31 255     1.00    0.00    1       21    25    30
	SpawnLink           21      3452.98 2126.53 255     1.00    0.00    0       2     15    
	SpawnLink           22      2102.69 2856.29 255     1.00    0.00    0       24    26    
	SpawnLink           23      773.23  2969.72 255     1.00    0.00    0       18    19    17    27    
	SpawnLink           24      1474.24 2884.11 255     1.00    0.00    0       23    
	SpawnLink           25      2249.84 2347.16 255     1.00    0.00    0       4     22    3     
	SpawnLink           26      2229.61 3523.53 255     1.00    0.00    0       0     1     
	SpawnLink           27      819.35  2176.27 255     1.00    0.00    0       29    28    
	SpawnLink           28      195.78  2250.68 255     1.00    0.00    0       14    
	SpawnLink           29      1447.68 1931.55 255     1.00    0.00    0       7     5     
	SpawnLink           30      3003.06 1386.55 255     1.00    0.00    0       31    6     
	SpawnLink           31      2938.82 738.03  255     1.00    0.00    0       12    11    13    32    
	SpawnLink           32      2200.04 621.98  255     1.00    0.00    0       33    
	SpawnLink           33      1502.62 652.11  255     1.00    0.00    0       16    34    
	SpawnLink           34      722.00  763.85  255     1.00    0.00    0       10    8     9     
	RadarDish           35      1796.48 1299.75 255     0.25    0.97    1       0     1     51
	RadarDish           36      1719.49 546.77  255     0.99    0.14    1       0     1     50
	RadarDish           37      2089.11 303.76  255     -0.97   -0.23   1       0     1     38
	RadarDish           38      2549.51 469.79  255     0.87    0.50    1       0     1     37
	RadarDish           39      3211.99 1094.17 255     -0.29   -0.96   1       0     1     40
	RadarDish           40      3301.73 1556.34 255     0.00    1.00    1       0     1     39
	RadarDish           41      3261.25 1940.20 255     0.16    -0.99   1       0     1     42
	RadarDish           42      3146.85 2362.93 255     0.00    1.00    1       0     1     41
	RadarDish           43      2745.17 1810.54 255     -0.95   0.32    1       0     1     44
	RadarDish           44      3160.62 1736.03 255     1.00    0.07    1       0     1     43
	RadarDish           45      1968.39 2576.41 255     0.16    -0.99   1       0     1     46
	RadarDish           46      1821.51 3130.81 255     0.00    1.00    1       0     1     45
	RadarDish           47      1998.95 3237.43 255     -0.99   0.17    1       0     1     58
	RadarDish           48      1605.67 3271.46 255     0.99    0.17    1       0     1     49
	RadarDish           49      1243.87 3112.87 255     -0.75   -0.67   1       0     1     48
	RadarDish           50      1212.09 467.48  255     -0.99   0.12    1       0     1     36
	RadarDish           51      1883.76 417.12  255     -0.47   -0.88   1       0     1     35
	RadarDish           52      649.82  1705.01 255     -0.84   0.54    1       0     1     57
	RadarDish           53      538.02  2012.46 255     -0.60   -0.80   1       0     1     56
	RadarDish           54      336.40  2112.89 255     -0.09   -1.00   1       0     1     55
	RadarDish           55      462.92  2494.81 255     0.10    1.00    1       0     1     54
	RadarDish           56      1186.12 2008.45 255     0.99    0.12    1       0     1     53
	RadarDish           57      761.00  1156.77 255     -0.04   -1.00   1       0     1     52
	RadarDish           58      2371.43 3097.98 255     1.00    -0.08   1       0     1     47
Buildings_EndDefinition

CameraMounts_StartDefinition
	# Name	          Pos                   Front          Up
	# =========================================================================
	blah2674        3595.22  333.20 3689.20 -0.69 -0.16 -0.71 -0.11 0.99 -0.11
	blah8002          39.22  361.38 3744.92 0.70 -0.16 -0.70 0.11 0.99 -0.11
	blah13192        106.79  394.70  105.87 0.69 -0.17 0.70 0.12 0.99 0.12
	blah28811       3653.41  400.09  139.34 -0.70 -0.16 0.70 -0.11 0.99 0.12
CameraMounts_EndDefinition

CameraAnimations_StartDefinition
CameraAnimations_EndDefinition

InstantUnits_StartDefinition
	# Type         team    x       z   count  inUnit state   spread  waypointX waypointZ  routeId
	# ==================================================================================
InstantUnits_EndDefinition
